100
92
90
99
83
61
60
80
71
81
80
61
50
70
71
40
61
59
65
73
90
81
93
95
93
78
100
99
71
66
90
84
80
81
87
58
70
93
67
70
68
92
52
88
77
68
63
70
77
71
81
76
62
61
75
79
70
96
74
83
81
80
69
86
94
96
65
78
100
47
69
72
98
79
39
70
80
75
74
89
50
80
67
75
88
58
64
85
72
64
80
76
62
79
83
79
100
81
87
99
83
77
78
86
95
64
65
80
98
93
77
72
69
70
100
74
90
56
60
90
87
78
93
63
83
69
75
91
85
58
70
61
73
71
83
98
82
69
81
69
65
73
73
92
97
79
83
69
69
71
78
74
90
74
79
70
100
60
72
51
86
77
88
89
69
87
58
74
82
86
76
58
75
73
81
88
83
70
62
100
80
95
86
79
88
68
62
71
86
72
72
89
89
43
95
66
68
73
84
100
87
70
75
81
72
91
79
59
86
84
95
78
90
79
74
70
58
68
62
100
84
83
89
80
64
75
85
62
62
82
74
77
81
66
70
81
90
72
82
73
79
79
100
74
71
87
74
72
68
77
88
93
96
78
90
89
94
98
68
65
71
74
91
76
59
76
69
88
68
73
77
71
67
87
96
100
66
74
73
98
70
89
60
58
70
100
87
91
74
63
66
97
91
99
82
45
77
61
59
93
80
57
88
75
90
67
60
82
79
93
56
62
68
95
86
82
78
64
58
85
63
71
91
86
75
73
82
88
88
75
88
77
71
70
75
66
69
61
72
80
70
75
75
88
60
78
79
99
69
68
86
91
74
92
75
91
78
78
68
82
88
67
80
73
67
76
78
93
80
61
74
70
79
94
83
75
61
83
88
70
63
51
64
96
81
48
84
83
56
90
84
58
86
47
75
100
93
81
74
73
66
60
72
85
71
67
78
69
81
86
95
86
81
85
88
77
86
91
71
56
75
81
97
79
79
79
76
90
65
82
81
69
76
79
100
93
99
71
71
85
63
72
77
60
62
92
80
58
77
79
68
94
82
66
62
72
100
57
90
77
67
77
89
63
55
69
83
77
62
64
64
78
60
70
78
73
50
83
70
72
66
87
58
52
53
72
79
87
79
83
98
95
95
59
68
74
69
93
64
89
